1 0.548828125 0.4673611111111111 0.13828125 0.09027777777777778
1 0.758984375 0.2986111111111111 0.19765625 0.33055555555555555
1 0.6546875 0.4930555555555556 0.015625 0.027777777777777776
1 0.72265625 0.5298611111111111 0.0171875 0.03194444444444444
1 0.66875 0.5270833333333333 0.01875 0.029166666666666667
1 0.696875 0.5027777777777778 0.015625 0.027777777777777776
1 0.72265625 0.4951388888888889 0.015625 0.02638888888888889
1 0.701171875 0.4777777777777778 0.01796875 0.025
1 0.815625 0.48055555555555557 0.0140625 0.025
1 0.744921875 0.48194444444444445 0.01484375 0.025
1 0.76640625 0.5152777777777777 0.0171875 0.022222222222222223
1 0.754296875 0.5020833333333333 0.01640625 0.02638888888888889