1 0.31699999999999995 0.33163690476190477 0.6285714285714286 0.6604166666666667
1 0.6401428571428571 0.7125892857142857 0.7169999999999999 0.5748214285714285
1 0.4625714285714286 0.5846130952380952 0.048971428571428534 0.04961309523809528
1 0.5183714285714286 0.6264285714285714 0.05171428571428578 0.0481845238095238
1 0.39388571428571434 0.6285416666666667 0.050342857142857154 0.052440476190476204
1 0.5728 0.6696428571428571 0.05171428571428578 0.04675595238095232
1 0.6346857142857143 0.7171130952380952 0.05577142857142852 0.05952380952380952
1 0.4374285714285714 0.7702678571428572 0.05851428571428577 0.05526785714285721
1 0.4986285714285715 0.823422619047619 0.050342857142857154 0.05952380952380952
1 0.5673428571428571 0.7709821428571428 0.05714285714285714 0.053869047619047684
1 0.6299428571428571 0.8212797619047618 0.059857142857142824 0.05526785714285729
1 0.5598571428571428 0.8779761904761905 0.05305714285714284 0.052440476190476204
1 0.6966 0.873720238095238 0.0625714285714285 0.06377976190476176
1 0.6251714285714286 0.9346726190476191 0.05577142857142852 0.05809523809523804