1 0.48671875 0.49375 0.86640625 0.80859375
1 0.4734375 0.309375 0.06796875 0.08984375
1 0.41953125 0.2078125 0.065625 0.0875
1 0.75859375 0.2046875 0.0671875 0.0875
1 0.57734375 0.33671875 0.06484375 0.08984375
1 0.68203125 0.36328125 0.06796875 0.09296875
1 0.5578125 0.1578125 0.06015625 0.07265625
1 0.4578125 0.1328125 0.06015625 0.07421875
1 0.31875 0.1875 0.0609375 0.07890625
1 0.4296875 0.39609375 0.06796875 0.08984375
1 0.22421875 0.3375 0.0640625 0.08984375
1 0.171875 0.42734375 0.0625 0.08828125
1 0.27421875 0.453125 0.07109375 0.09296875
1 0.11484375 0.51640625 0.06796875 0.09296875
1 0.33046875 0.57578125 0.06875 0.096875
1 0.64609375 0.62421875 0.07109375 0.09453125
1 0.75859375 0.58671875 0.0640625 0.1
1 0.528125 0.66875 0.07578125 0.10546875
1 0.56796875 0.77421875 0.08125 0.10546875
1 0.80703125 0.66484375 0.071875 0.1125