2 0.5196220930232558 0.44896640826873385 0.5862403100775194 0.7525839793281653
2 0.5965358527131783 0.5402131782945736 0.025436046511627907 0.04683462532299742
2 0.6631540697674418 0.5466731266149871 0.03997093023255814 0.05329457364341085
2 0.733406007751938 0.5402131782945736 0.03997093023255814 0.04683462532299742
2 0.5414244186046512 0.536983204134367 0.03391472868217054 0.03714470284237726
2 0.48570736434108525 0.5490956072351422 0.036337209302325583 0.04844961240310078
2 0.3651889534883721 0.5547480620155039 0.04481589147286822 0.0436046511627907
2 0.42272286821705424 0.539405684754522 0.05329457364341085 0.05813953488372093
2 0.3003875968992248 0.5353682170542635 0.060562015503875966 0.05975452196382429
2 0.7491521317829457 0.7251291989664083 0.06177325581395349 0.05490956072351421
2 0.6770833333333334 0.7178617571059431 0.0436046511627907 0.05975452196382429
2 0.6080426356589147 0.7138242894056848 0.0436046511627907 0.05813953488372093
2 0.5450581395348837 0.7146317829457365 0.05329457364341085 0.06944444444444445
2 0.4844961240310077 0.710594315245478 0.0436046511627907 0.05813953488372093
2 0.4221172480620155 0.7291666666666666 0.04966085271317829 0.05652454780361757
2 0.35731589147286824 0.7170542635658915 0.0436046511627907 0.05167958656330749
2 0.2864583333333333 0.7138242894056848 0.047238372093023256 0.05490956072351421
2 0.7188711240310077 0.3011950904392765 0.05450581395348837 0.08236434108527131
2 0.6564922480620154 0.3108850129198966 0.036337209302325583 0.05975452196382429
2 0.5935077519379846 0.3189599483204134 0.046027131782945735 0.05006459948320414
2 0.5371850775193798 0.3108850129198966 0.05450581395348837 0.06298449612403101
2 0.4784399224806202 0.3173449612403101 0.0436046511627907 0.05975452196382429
2 0.41363856589147285 0.31976744186046513 0.032703488372093026 0.04844961240310078
2 0.3645833333333333 0.31815245478036175 0.050872093023255814 0.06136950904392765
2 0.3082606589147287 0.31492248062015504 0.04966085271317829 0.06459948320413436
2 0.705547480620155 0.1340439276485788 0.047238372093023256 0.11627906976744186
2 0.6455910852713178 0.14857881136950904 0.03875968992248062 0.07751937984496124
2 0.5880571705426356 0.16069121447028423 0.03512596899224806 0.05652454780361757
2 0.5408187984496124 0.16876614987080105 0.0375484496124031 0.07267441860465117
2 0.48146802325581395 0.17603359173126615 0.03997093023255814 0.05813953488372093
2 0.4221172480620155 0.1703811369509044 0.0375484496124031 0.05652454780361757
2 0.3633720930232558 0.17118863049095606 0.05571705426356589 0.07428940568475452
2 0.3064437984496124 0.1776485788113695 0.041182170542635656 0.06459948320413436