2 0.5753391472868217 0.44735142118863047 0.6734496124031008 0.8430232558139535
2 0.8533187984496124 0.7437015503875969 0.07630813953488372 0.05975452196382429
2 0.6958575581395349 0.7307816537467701 0.052083333333333336 0.05652454780361757
2 0.6891957364341085 0.49176356589147285 0.03875968992248062 0.0436046511627907
2 0.6007751937984496 0.4263565891472868 0.03875968992248062 0.04521963824289406
2 0.4639050387596899 0.35852713178294576 0.046027131782945735 0.09043927648578812
2 0.47238372093023256 0.645187338501292 0.029069767441860465 0.0436046511627907
2 0.5517199612403101 0.7348191214470284 0.04239341085271318 0.05490956072351421
2 0.3936531007751938 0.6492248062015504 0.05329457364341085 0.06459948320413436
2 0.31310562015503873 0.7428940568475452 0.047238372093023256 0.05490956072351421
2 0.3221899224806202 0.5708979328165374 0.03875968992248062 0.05006459948320414
2 0.6861676356589147 0.6266149870801033 0.04481589147286822 0.06459948320413436
2 0.7679263565891473 0.5660529715762274 0.041182170542635656 0.05329457364341085
2 0.6649709302325582 0.0791343669250646 0.046027131782945735 0.05813953488372093
2 0.5541424418604651 0.5385981912144703 0.047238372093023256 0.05975452196382429
2 0.6243943798449613 0.539405684754522 0.05692829457364341 0.0710594315245478
2 0.4802567829457364 0.5539405684754521 0.030281007751937983 0.0355297157622739
2 0.39789244186046513 0.5571705426356589 0.032703488372093026 0.04198966408268734
2 0.8309108527131783 0.5353682170542635 0.07025193798449612 0.06944444444444445
2 0.3282461240310077 0.38436692506459946 0.050872093023255814 0.0710594315245478
2 0.7606589147286822 0.4231266149870801 0.041182170542635656 0.05813953488372093
2 0.31431686046511625 0.08963178294573644 0.047238372093023256 0.06944444444444445
2 0.6310562015503876 0.2777777777777778 0.036337209302325583 0.06782945736434108
2 0.7443071705426356 0.25839793281653745 0.047238372093023256 0.06136950904392765
2 0.46027131782945735 0.11062661498708011 0.03391472868217054 0.06621447028423773
2 0.5450581395348837 0.36094961240310075 0.0436046511627907 0.05652454780361757
2 0.45482073643410853 0.2648578811369509 0.03512596899224806 0.05813953488372093
2 0.3246124031007752 0.25839793281653745 0.050872093023255814 0.0710594315245478
2 0.39789244186046513 0.19541343669250646 0.05450581395348837 0.07751937984496124
2 0.5511143410852714 0.18087855297157623 0.0436046511627907 0.06782945736434108
2 0.6782945736434108 0.3561046511627907 0.05813953488372093 0.0791343669250646
2 0.8175872093023255 0.3633720930232558 0.07994186046511628 0.06782945736434108
2 0.8200096899224806 0.1695736434108527 0.08478682170542635 0.12596899224806202