2 0.42938468992248063 0.4231266149870801 0.7764050387596899 0.8462532299741602
2 0.22286821705426357 0.27374031007751937 0.06298449612403101 0.13727390180878554
2 0.13323643410852712 0.5515180878552972 0.07267441860465117 0.09205426356589147
2 0.17199612403100775 0.4530038759689923 0.060562015503875966 0.09528423772609819
2 0.2131782945736434 0.3803294573643411 0.041182170542635656 0.05652454780361757
2 0.45482073643410853 0.05733204134366925 0.03512596899224806 0.1146640826873385
2 0.29978197674418605 0.08397932816537468 0.0375484496124031 0.07428940568475452
2 0.27252906976744184 0.14777131782945738 0.05813953488372093 0.10174418604651163
2 0.26223352713178294 0.2180232558139535 0.052083333333333336 0.10335917312661498
2 0.32945736434108525 0.03229974160206718 0.03875968992248062 0.06459948320413436
2 0.42151162790697677 0.15342377260981913 0.041182170542635656 0.14857881136950904
2 0.39910368217054265 0.26405038759689925 0.0375484496124031 0.07267441860465117
2 0.38880813953488375 0.34318475452196384 0.031492248062015504 0.07590439276485789
2 0.3712451550387597 0.40455426356589147 0.03512596899224806 0.06944444444444445
2 0.33430232558139533 0.499031007751938 0.041182170542635656 0.08074935400516796
2 0.3185562015503876 0.6088501291989664 0.050872093023255814 0.06782945736434108
2 0.6268168604651163 0.10497416020671835 0.030281007751937983 0.0872093023255814
2 0.5710998062015504 0.5741279069767442 0.0375484496124031 0.07590439276485789
2 0.559593023255814 0.662952196382429 0.03391472868217054 0.08559431524547803
2 0.5856346899224806 0.47238372093023256 0.025436046511627907 0.06944444444444445
2 0.5910852713178295 0.3714470284237726 0.029069767441860465 0.11950904392764858
2 0.7430959302325582 0.5902777777777778 0.03997093023255814 0.08559431524547803
2 0.7443071705426356 0.6976744186046512 0.07388565891472869 0.1776485788113695
2 0.6171269379844961 0.17118863049095606 0.020591085271317828 0.08397932816537468
2 0.612281976744186 0.23175064599483206 0.020591085271317828 0.06944444444444445
2 0.5983527131782945 0.2729328165374677 0.02422480620155039 0.07428940568475452
2 0.7394622093023255 0.5046834625322998 0.03997093023255814 0.07590439276485789
2 0.7467296511627907 0.43362403100775193 0.027858527131782947 0.08236434108527131
2 0.7382509689922481 0.3472222222222222 0.047238372093023256 0.08397932816537468
2 0.7443071705426356 0.27374031007751937 0.032703488372093026 0.05975452196382429
2 0.7546027131782945 0.18653100775193798 0.03875968992248062 0.09205426356589147
2 0.7564195736434108 0.12354651162790697 0.023013565891472867 0.05006459948320414
2 0.4324127906976744 0.12354651162790697 0.02180232558139535 0.06298449612403101