2 0.6253633720930233 0.7325581395348837 0.7492732558139535 0.5348837209302325
2 0.39728682170542634 0.6185400516795866 0.05329457364341085 0.10012919896640828
2 0.4596656976744186 0.6459948320413437 0.05692829457364341 0.11627906976744186
2 0.5105377906976745 0.559593023255814 0.023013565891472867 0.12758397932816537
2 0.5450581395348837 0.6597222222222222 0.05813953488372093 0.15342377260981913
2 0.6431686046511628 0.6887919896640827 0.05571705426356589 0.15665374677002583
2 0.7558139534883721 0.6839470284237726 0.05813953488372093 0.2729328165374677
2 0.8835998062015504 0.7687338501291989 0.05935077519379845 0.16795865633074936
2 0.8194040697674418 0.6564922480620154 0.04481589147286822 0.11789405684754523
2 0.718265503875969 0.6354974160206718 0.031492248062015504 0.10820413436692507
2 0.9108527131782945 0.6839470284237726 0.05329457364341085 0.12112403100775193
2 0.5747335271317829 0.6056201550387597 0.027858527131782947 0.08397932816537468
2 0.6431686046511628 0.541828165374677 0.03875968992248062 0.15342377260981913
2 0.8805717054263565 0.5539405684754521 0.03391472868217054 0.16149870801033592
2 0.8436288759689923 0.5555555555555556 0.025436046511627907 0.07751937984496124
2 0.9187257751937985 0.5612080103359173 0.027858527131782947 0.06944444444444445
2 0.9617248062015504 0.6112726098191215 0.041182170542635656 0.09205426356589147
2 0.7957848837209303 0.5563630490956072 0.029069767441860465 0.1308139534883721
2 0.9847383720930233 0.5757428940568475 0.029069767441860465 0.07590439276485789
2 0.6116763565891473 0.536983204134367 0.02422480620155039 0.08882428940568475
2 0.6746608527131783 0.5426356589147286 0.01695736434108527 0.0872093023255814
2 0.7170542635658915 0.5127583979328165 0.029069767441860465 0.05329457364341085
2 0.718265503875969 0.5587855297157622 0.01937984496124031 0.05490956072351421
2 0.7727713178294574 0.5385981912144703 0.01695736434108527 0.05652454780361757