2 0.5359738372093024 0.4941860465116279 0.9241763565891473 0.8656330749354005
2 0.1925872093023256 0.6887919896640827 0.07751937984496124 0.09528423772609819
2 0.2961482558139535 0.7009043927648578 0.09084302325581395 0.10012919896640828
2 0.4130329457364341 0.7041343669250646 0.10416666666666667 0.1582687338501292
2 0.5117490310077519 0.6524547803617571 0.07388565891472869 0.1227390180878553
2 0.6147044573643411 0.6379198966408268 0.1005329457364341 0.18733850129198967
2 0.703125 0.6484173126614987 0.05450581395348837 0.11143410852713179
2 0.8194040697674418 0.6314599483204134 0.09084302325581395 0.1421188630490956
2 0.9320494186046512 0.6419573643410853 0.09084302325581395 0.1308139534883721
2 0.8399951550387597 0.46027131782945735 0.06661821705426356 0.10012919896640828
2 0.7473352713178295 0.45542635658914726 0.0750968992248062 0.11627906976744186
2 0.6522529069767442 0.4659237726098191 0.06177325581395349 0.08882428940568475
2 0.5777616279069767 0.4707687338501292 0.06298449612403101 0.09205426356589147
2 0.49660852713178294 0.4844961240310077 0.05571705426356589 0.0872093023255814
2 0.4106104651162791 0.4497739018087855 0.0872093023255814 0.1695736434108527
2 0.32945736434108525 0.4974160206718346 0.060562015503875966 0.07751937984496124
2 0.24103682170542637 0.47238372093023256 0.08236434108527131 0.13727390180878554
2 0.7188711240310077 0.1429263565891473 0.047238372093023256 0.15342377260981913
2 0.685562015503876 0.27212532299741604 0.041182170542635656 0.06944444444444445
2 0.7673207364341085 0.24628552971576229 0.06177325581395349 0.12435400516795865
2 0.6134932170542635 0.28343023255813954 0.052083333333333336 0.07267441860465117
2 0.5480862403100775 0.25839793281653745 0.04481589147286822 0.12919896640826872
2 0.40334302325581395 0.30200258397932817 0.046027131782945735 0.07428940568475452
2 0.4802567829457364 0.2850452196382429 0.04966085271317829 0.11789405684754523
2 0.34338662790697677 0.30523255813953487 0.03997093023255814 0.09043927648578812
2 0.27737403100775193 0.30523255813953487 0.06540697674418605 0.09043927648578812
2 0.6540697674418605 0.1695736434108527 0.041182170542635656 0.09366925064599484
2 0.5935077519379846 0.18976098191214472 0.036337209302325583 0.07590439276485789
2 0.5438468992248062 0.17603359173126615 0.026647286821705425 0.03875968992248062
2 0.4160610465116279 0.2018733850129199 0.03512596899224806 0.07428940568475452
2 0.34580910852713176 0.19218346253229973 0.05692829457364341 0.1065891472868217
2 0.29069767441860467 0.21075581395348839 0.0436046511627907 0.08236434108527131