0 0.50390625 0.50390625 0.91171875 0.76484375
0 0.18515625 0.3484375 0.0453125 0.059375
0 0.16796875 0.4109375 0.04609375 0.0515625
0 0.2828125 0.30078125 0.04140625 0.053125
0 0.259375 0.3609375 0.04296875 0.0546875
0 0.24296875 0.41484375 0.04140625 0.05078125
0 0.2203125 0.4859375 0.0484375 0.059375
0 0.3609375 0.3109375 0.040625 0.05078125
0 0.3734375 0.253125 0.03671875 0.05078125
0 0.33828125 0.3640625 0.04296875 0.053125
0 0.32421875 0.42578125 0.04453125 0.0609375
0 0.46171875 0.2109375 0.03671875 0.0515625
0 0.4453125 0.2625 0.03671875 0.0578125
0 0.43046875 0.31640625 0.046875 0.053125
0 0.42109375 0.37421875 0.0484375 0.059375
0 0.54609375 0.165625 0.03671875 0.053125
0 0.5328125 0.215625 0.0375 0.04453125
0 0.52421875 0.271875 0.040625 0.05078125
0 0.5109375 0.32265625 0.04140625 0.053125
0 0.60546875 0.22109375 0.040625 0.04921875
0 0.6015625 0.2734375 0.0390625 0.0421875
0 0.65703125 0.396875 0.0421875 0.04609375
0 0.7515625 0.346875 0.040625 0.05078125
0 0.7484375 0.40546875 0.0421875 0.04921875
0 0.56953125 0.4515625 0.04609375 0.0515625
0 0.47421875 0.51484375 0.046875 0.059375
0 0.37109375 0.565625 0.04453125 0.0578125
0 0.83203125 0.4140625 0.0421875 0.0515625
0 0.65859375 0.4671875 0.05390625 0.053125
0 0.5609375 0.51640625 0.04609375 0.0546875
0 0.465625 0.5796875 0.046875 0.05625
0 0.5484375 0.59453125 0.04921875 0.0578125
0 0.6484375 0.52578125 0.04609375 0.05625
0 0.740625 0.53671875 0.0453125 0.0609375
0 0.73671875 0.47109375 0.0453125 0.059375
0 0.83046875 0.48359375 0.04921875 0.0578125
0 0.634375 0.60546875 0.046875 0.059375
0 0.36796875 0.64140625 0.04609375 0.053125
0 0.44453125 0.65390625 0.0484375 0.0546875
0 0.53515625 0.66640625 0.05078125 0.06328125
0 0.43203125 0.73359375 0.04453125 0.059375