2 0.5015625 0.5203125 0.996875 0.95859375
2 0.25703125 0.19609375 0.040625 0.08515625
2 0.26484375 0.13515625 0.04609375 0.09453125
2 0.321875 0.19609375 0.0375 0.0875
2 0.32734375 0.11875 0.0453125 0.09140625
2 0.3828125 0.19609375 0.0390625 0.0875
2 0.38671875 0.11953125 0.0375 0.1015625
2 0.4484375 0.1984375 0.03203125 0.08515625
2 0.446875 0.10703125 0.034375 0.12890625
2 0.50703125 0.1 0.03984375 0.1453125
2 0.50703125 0.1953125 0.0421875 0.08046875
2 0.5640625 0.1234375 0.03984375 0.109375
2 0.56953125 0.2046875 0.05078125 0.08359375
2 0.63203125 0.125 0.04609375 0.1109375
2 0.6359375 0.1859375 0.0453125 0.07421875
2 0.69375 0.1296875 0.04296875 0.10546875
2 0.690625 0.1890625 0.034375 0.0796875
2 0.2109375 0.56953125 0.05625 0.090625
2 0.19609375 0.665625 0.065625 0.11484375
2 0.2859375 0.57421875 0.04609375 0.0875
2 0.278125 0.67109375 0.0640625 0.1125
2 0.365625 0.5796875 0.04375 0.08203125
2 0.3625 0.6625 0.05078125 0.1140625
2 0.4484375 0.5625 0.0484375 0.0671875
2 0.4484375 0.65625 0.05859375 0.15078125
2 0.5203125 0.55390625 0.0421875 0.05625
2 0.53125 0.65234375 0.05625 0.1453125
2 0.5953125 0.5640625 0.04609375 0.08359375
2 0.61484375 0.6734375 0.05390625 0.10859375
2 0.67265625 0.5671875 0.04296875 0.08515625
2 0.76015625 0.5640625 0.05390625 0.08515625
2 0.70234375 0.67109375 0.06640625 0.10703125
2 0.79140625 0.6765625 0.0734375 0.1203125