2 0.50146484375 0.5205479452054794 0.9970703125 0.958904109589041
2 0.2568359375 0.1958904109589041 0.041015625 0.08493150684931507
2 0.26513671875 0.13493150684931507 0.0458984375 0.09452054794520548
2 0.322265625 0.1958904109589041 0.037109375 0.08767123287671233
2 0.3271484375 0.1184931506849315 0.044921875 0.09178082191780822
2 0.3828125 0.1958904109589041 0.0390625 0.08767123287671233
2 0.38671875 0.11917808219178082 0.037109375 0.10136986301369863
2 0.44873046875 0.19863013698630136 0.0322265625 0.08493150684931507
2 0.44677734375 0.10684931506849316 0.0341796875 0.12876712328767123
2 0.50732421875 0.1 0.0400390625 0.14520547945205478
2 0.50732421875 0.1952054794520548 0.0419921875 0.08082191780821918
2 0.56396484375 0.1232876712328767 0.0400390625 0.1095890410958904
2 0.5693359375 0.2047945205479452 0.05078125 0.08356164383561644
2 0.63232421875 0.12534246575342467 0.0458984375 0.11095890410958904
2 0.6357421875 0.1863013698630137 0.044921875 0.07397260273972603
2 0.693359375 0.12945205479452054 0.04296875 0.10547945205479452
2 0.69091796875 0.18904109589041096 0.0341796875 0.07945205479452055
2 0.2109375 0.5698630136986301 0.056640625 0.09041095890410959
2 0.19580078125 0.6657534246575343 0.0654296875 0.11506849315068493
2 0.28564453125 0.5739726027397261 0.0458984375 0.08767123287671233
2 0.2783203125 0.6712328767123288 0.064453125 0.11232876712328767
2 0.36572265625 0.5794520547945206 0.0439453125 0.0821917808219178
2 0.3623046875 0.6623287671232877 0.05078125 0.1136986301369863
2 0.4482421875 0.5623287671232877 0.048828125 0.06712328767123288
2 0.4482421875 0.6561643835616439 0.05859375 0.1506849315068493
2 0.52001953125 0.5541095890410959 0.0419921875 0.056164383561643834
2 0.53125 0.6520547945205479 0.056640625 0.14520547945205478
2 0.59521484375 0.5636986301369863 0.0458984375 0.08356164383561644
2 0.61474609375 0.6732876712328767 0.0537109375 0.10821917808219178
2 0.6728515625 0.5671232876712329 0.04296875 0.08493150684931507
2 0.76025390625 0.5643835616438356 0.0537109375 0.08493150684931507
2 0.7021484375 0.6712328767123288 0.06640625 0.10684931506849316
2 0.79150390625 0.6767123287671233 0.0732421875 0.12054794520547946