0 0.5038499999999999 0.5036772983114446 0.9115375 0.7648968105065664
0 0.18510000000000001 0.3485365853658537 0.04518749999999997 0.05917448405253287
0 0.168275 0.4113133208255159 0.04615000000000002 0.05195121951219512
0 0.283175 0.30090056285178235 0.04134999999999998 0.05339587242026263
0 0.2591375 0.36080675422138836 0.04327500000000001 0.05484052532833024
0 0.2427875 0.4149155722326454 0.04134999999999998 0.05050656660412761
0 0.2201875 0.4856472795497186 0.04807499999999997 0.05917448405253282
0 0.360575 0.3110131332082552 0.040387500000000076 0.05050656660412761
0 0.373075 0.25328330206378985 0.03653750000000002 0.05050656660412761
0 0.33797499999999997 0.3644090056285178 0.04327500000000001 0.05339587242026263
0 0.32403750000000003 0.4257410881801125 0.044224999999999993 0.06061913696060038
0 0.46153750000000004 0.21071294559099438 0.03653750000000002 0.05195121951219512
0 0.44518749999999996 0.2626641651031895 0.03653750000000002 0.05772983114446528
0 0.43028750000000004 0.3167917448405253 0.04711250000000007 0.05339587242026263
0 0.42115 0.37452157598499064 0.04807500000000005 0.05917448405253287
0 0.54615 0.1652532833020638 0.03653750000000002 0.053395872420262676
0 0.5331750000000001 0.21575984990619138 0.0375 0.0447467166979362
0 0.5240375 0.27204502814258913 0.04038749999999993 0.05050656660412761
0 0.5110625 0.3225515947467167 0.04135000000000005 0.05339587242026263
0 0.605775 0.22080675422138837 0.04038749999999993 0.04906191369606002
0 0.6014375 0.2734896810506567 0.03942499999999995 0.04185741088180113
0 0.656725 0.3968855534709193 0.042312499999999954 0.046191369606003764
0 0.751925 0.34709193245778613 0.04038749999999993 0.05050656660412761
0 0.748075 0.4055347091932458 0.042312499999999885 0.04906191369605999
0 0.569225 0.45172607879924953 0.04614999999999995 0.05195121951219512
0 0.47452500000000003 0.5145028142589119 0.04711250000000007 0.05917448405253276
0 0.37115000000000004 0.5657410881801126 0.044224999999999993 0.057729831144465255
0 0.831725 0.41420262664165103 0.042312499999999885 0.05195121951219512
0 0.65865 0.4668855534709193 0.05384999999999998 0.05339587242026263
0 0.5605749999999999 0.5166604127579737 0.04614999999999995 0.05484052532833024
0 0.4658625 0.5794559099437149 0.047112499999999925 0.05628517823639775
0 0.5485625000000001 0.5945966228893058 0.049037500000000026 0.057729831144465255
0 0.6480750000000001 0.5260412757973734 0.04615000000000002 0.05628517823639775
0 0.7408625000000001 0.5368667917448405 0.045187500000000116 0.06061913696060027
0 0.737025 0.47120075046904314 0.045187500000000116 0.05917448405253287
0 0.8302875000000001 0.48347091932457786 0.049037500000000026 0.057729831144465255
0 0.6341375 0.605422138836773 0.047112499999999925 0.05917448405253276
0 0.368275 0.6415009380863039 0.04614999999999995 0.05339587242026273
0 0.444225 0.6537711069418386 0.04807500000000005 0.05484052532833024
0 0.5351 0.6667542213883677 0.05096249999999998 0.06350844277673551
0 0.43172499999999997 0.7338649155722327 0.044224999999999993 0.05917448405253276